0.0
0.0
0.1
0.1
0.1
0.2
0.2
0.5
0.5
0.5
0.5
0.5
0.7
3.3
3.7
3.8
3.8
3.9
3.9
3.9
3.9
4.0
4.0
4.0
4.1
4.1
4.1
4.1
4.2
4.2
4.2
4.2
4.2
4.2
4.2
4.3
4.3
4.3
4.3
4.3
4.3
4.3
4.3
4.3
4.4
4.4
4.4
4.4
4.4
4.4
4.5
4.5
4.5
4.5
4.6
4.6
4.6
4.6
4.6
4.6
4.7
4.7
4.7
4.7
4.7
4.7
4.8
4.8
4.8
4.8
4.8
4.8
4.8
4.8
4.8
4.8
4.8
4.9
4.9
4.9
4.9
4.9
5.0
5.0
5.0
5.0
5.0
5.0
5.0
5.0
5.1
5.1
5.1
5.1
5.1
5.1
5.1
5.2
5.2
5.2
5.2
5.2
5.3
5.3
5.5
5.6
5.6
5.7
5.7
5.7
5.8
5.8
6.0
6.1
6.2
6.2
6.3
6.3
6.3
6.4
6.5
6.5
6.5
6.6
7.1
7.5
8.0
8.1
8.1
8.1
8.3
8.6
